1012.9
1012.21
1013.7
1012.36
1013.32
1013.97
1013.47
1013.09
1013.95
1013.81
1015.42
1014.08
1014.66
1014.53
1013.86
1013.75
1013.53
1015.17
1013.43
1012.08
1013.64
1013.88
1012.72
1014.41
1013.68
1014.41
1014.3
1013.92
1014.42
1015.18
1014.8
1013.9
1015.62
1015.14
1014.22
1015.01
1015.43
1014.48
1014.19
1015.31
1013.31
1014.23
1013.92
1014.31
1015.55
1014.16
1013.79
1013.82
1013.53
1012.68
1013.11
1014.47
1014.66
1012.65
1012.86
1014.83
1013.63
1013.3
1014.49
1011.69
1013.67
1013.13
1013.47
1012.03
1013.81
1013.28
1011.61
1012.6
1013.37
1012.37
1012.14
1011.57
1012.23
1011.39
1012.8
1012.08
1012.16
1011.97
1011.98
1012.83
1011.74
1012.88
1012.65
1012.09
1011.8
1011.7
1011.73
1010.12
1012.37
1011.37
1012.28
1012.31
1010.92
1011.54
1013.1
1011.4
1012.13
1009.23
1012.6
1011.33
1011.17
1011.26
1011.15
1012.92
1012.41
1012.1
1010.76
1012.24
1012.28
1011.78
1011.2
1011.2
1011.49
1012.85
1011.87
1013.2
1012.02
1012.1
1012.08
1012.29
1013.54
1013.09
1013.28
1013.86
1011.55
1013.67
1013.08
1012.28
1014.5
1013.82
1013.45
1013.28
1011.97
1014
1015.58
1014.32
1012.18
1012.97
1012.16
1013.12
1013.86
1013.83
1015.03
1014.87
1015.82
1013.83
1013.42
1014.57
1014.6
1012.68
1014.28
1015.39
1015.71
1014.15
1015.33
1015.14
1014.7
1014.82
1014.5
1014.32
1013.31
1014.65
1015.61
1015.14
1013.75
1013.25
1013.83
1014.07
1013.89
1013.58
1016
1012.16
1014.3
1013.84
1012.55
1014.6
1013.87
1013.42
1013.96
1015.03
1013.47
1013.37
1012.72
1013.64
1012.94
1012
1013.38
1013.41
1014.62
1012.5
1013.07
1011.66
1012.53
1011.66
1013.31
1012.92
1011.85
1013.03
1012.92
1012.9
