80721.76
80548.8
81216.64
80551.2
80112.8
79747.2
80001.12
81742.88
80274.24
81756.8
81744
81129.12
81925.92
82017.12
81005.12
81567.68
80710.72
81364.16
81322.08
80304.64
81477.28
79908.48
80206.72
80228.64
80742.4
81058.24
80154.88
80962.88
79889.44
79768.48
79260.32
81029.6
80564.16
81014.72
81248.16
80645.76
80285.6
80706.24
80958.24
79974.72
81187.04
81719.04
80764.32
79438.24
81155.36
80290.88
81247.04
79894.72
81159.36
79458.08
81458.72
80281.92
80232.96
80379.68
80138.72
80289.44
80998.72
80569.28
80050.08
80199.68
79624
80490.24
80196.96
80078.24
80157.76
79965.6
79745.44
80343.36
79070.72
80104.48
80138.24
80557.28
79140.96
80375.36
80727.84
79482.4
80400.48
79209.76
80201.44
80529.12
79845.6
79221.28
79448.16
80445.76
79360.8
78981.76
80075.04
80534.88
79643.52
80568.8
79460.16
78861.6
78544.64
80009.12
80013.12
79301.92
79315.36
78850.72
78983.04
78619.84
78513.12
78973.12
78678.4
78938.24
78506.4
78824.16
78778.4
78175.36
78306.4
78377.44
77880.64
78460.64
78716.48
78854.08
77301.28
78165.6
77391.84
79170.24
78294.88
77623.04
78138.4
78339.04
78604.48
78826.88
78131.68
78233.6
78168.8
78042.56
78487.68
78180.16
77704.64
78278.88
77797.44
77545.6
77657.44
78884.64
77174.24
78082.24
77379.52
78836.48
77529.76
78350.72
76945.12
77057.44
77784.32
76112
77424.96
77374.24
76207.36
76570.08
76881.44
76793.92
77457.12
76714.56
77014.4
77360.96
77490.56
76347.84
77223.84
77320.32
77246.88
76542.88
75979.84
75933.6
76137.6
75973.92
76043.36
75463.2
76762.56
76140.8
76150.88
75353.92
75791.84
75541.6
75984
75386.72
75334.08
75887.52
75766.72
75332.96
74279.84
75805.12
74133.6
74435.84
75231.84
75169.12
75055.04
75033.28
74793.44
75505.44
74679.04
74402.56
74732.96
75511.2
74541.6
74812.16
74728.96
74829.28
75066.4
75213.12
74769.76
75032.64
74395.84
74258.4
74004.96
74721.76
73482.24
74512
74886.56
73966.88
74024.16
73879.36
74244
73509.76
73702.4
74108.32
74153.44
73943.84
74010.56
73640.48
73267.04
73379.84
73496
73127.36
74446.24
72796.64
73768.8
74303.84
72826.08
73274.72
72605.76
73563.2
72875.36
73193.6
73209.76
73168.16
72982.88
71994.56
72719.52
72092
72996
72472.64
73209.28
71927.84
72505.6
71565.44
71645.12
72392.16
72571.2
72471.68
71826.4
71863.04
72589.76
72011.2
71438.56
71283.68
73040.32
71954.4
71361.28
72155.36
72726.56
71898.72
72823.04
72261.92
70919.2
71634.4
71779.36
71165.44
72215.68
72013.92
71663.2
71218.88
71471.68
71356.32
71060.48
71647.84
70946.4
70845.76
70940.32
70752.96
71353.6
71410.88
70397.12
70677.92
71226.24
70457.92
71139.84
70838.4
70990.4
70489.28
70137.12
71099.36
69291.68
70794.08
70271.36
70375.52
70657.76
69758.56
69959.36
70305.92
70015.68
69662.24
69630.08
69684.96
69063.04
69355.36
69383.84
68510.88
70074.4
69113.44
69866.4
69230.24
70128.16
69860.16
69462.88
68896.16
69104.8
69487.2
68808.96
70148
69197.6
69176.16
68815.2
68957.76
69751.84
69962.72
69632.64
69314.24
69005.76
68666.56
69292.16
70297.28
69501.44
68810.56
69328.48
69122.4
69115.04
67708
68715.52
68198.88
69432.32
68013.76
68767.68
68788.96
68895.52
68564.16
68715.68
68568.64
69100
68013.12
68560.64
66877.92
67689.76
67772.8
67339.2
68136.96
68119.52
68186.72
67616
67817.92
67870.88
66943.68
66328.8
67830.72
67688.64
68363.84
68070.24
68179.2
67472.48
67241.92
67908.64
68222.24
67040
66962.08
66800.32
67838.56
67815.68
66388.32
66920.8
67641.92
67208
67353.12
66663.52
66401.76
67183.68
66536
66916.32
66784.32
67099.2
66841.76
66934.88
66643.2
66363.04
66737.92
65913.6
66757.6
65963.04
66356.64
66807.52
65603.84
66163.04
66330.08
66042.4
66799.36
65812
65283.04
66297.44
66876.8
65406.24
67050.24
66566.4
66247.84
65672.48
65911.36
65829.28
66515.84
66305.92
66326.88
65972.16
65294.56
65542.24
65804.32
66269.28
65244.48
66105.12
65588.8
65107.84
66251.84
65304.32
65615.2
65498.88
65454.08
65633.12
66271.2
65321.28
65363.04
65163.36
64887.84
64085.6
64821.76
64400.48
64187.2
66263.2
65047.68
65437.76
65943.52
65440
64895.84
64867.36
64807.04
64744.48
65218.4
64683.36
64591.36
64726.56
65392
63518.4
64821.12
64043.84
64859.2
65341.6
65063.68
63931.2
65183.2
64232.32
65448
64361.6
63517.6
64396.64
64474.08
64704.8
64132.32
64025.28
64670.88
65028
63419.2
64047.68
65410.08
63597.28
63441.92
63623.04
63711.84
63703.84
63554.56
63311.52
64675.04
63769.44
64342.4
63606.4
63020.48
63600.32
63468.32
63577.76
62815.68
62935.36
63303.52
63748.16
62998.56
64260.8
63044.64
62757.44
63151.52
63180.64
63438.08
62846.4
62914.4
63080.32
62323.36
64426.4
63345.12
62943.36
64104.64
63111.36
63289.76
62595.2
63280.8
62748.48
63575.36
62291.04
63254.72
63454.08
62935.2
63810.56
62052.96
62798.4
63104.16
63444.16
62151.68
62756.32
62753.6
62354.08
63563.68
62588.48
62345.6
62985.28
62717.28
62112.64
61290.72
62264.32
62723.68
63117.6
63075.52
61763.68
63101.44
62634.4
61706.4
62461.76
61288.8
61938.4
62478.24
62747.52
62468.96
62229.92
62222.56
62308.8
61842.72
61340.16
62253.28
61057.76
62451.36
62240.32
61205.92
62360.8
61200.96
60983.2
62399.68
62212.96
60606.24
60586.24
62421.44
62006.72
61936.96
61703.84
63218.72
61850.88
61920.16
62343.84
60794.56
61756
61007.36
61107.68
61776.96
61536.96
61714.24
61735.2
61626.08
61357.12
60538.88
60330.4
61695.04
60973.92
59890.24
61187.84
61088
61036.8
61353.6
61147.2
61312.64
60980.32
61469.92
61382.56
61486.72
60692.8
60620.32
59784.32
60866.56
60742.56
60800
61050.08
60098.24
59716.96
59291.52
61267.36
60699.2
60079.04
60808.64
60828.8
61488.16
60275.04
60688.16
61407.84
60716.96
61001.28
60613.76
60878.24
59527.36
60682.72
61412
60412.64
61850.4
59778.4
59592.32
61214.56
60047.2
60190.88
59857.12
59059.04
59386.56
59580.96
60852.32
59921.12
60135.68
60985.12
60709.12
58826.88
59613.44
59983.52
60776.96
58988.48
59192.48
60421.6
59971.84
59158.4
60809.6
60430.24
60291.84
60097.12
60012.16
60304.16
59936.32
59355.68
58897.28
59826.24
59816.96
60269.92
60003.36
59942.24
59907.2
59708.32
60039.52
59048.8
59982.4
59679.2
58621.92
60784.16
58053.44
59545.44
59379.2
59318.56
59186.56
59022.56
59014.08
57920
60096.32
59043.68
59031.84
59510.88
59631.36
59069.92
58973.12
59553.6
59164.48
59576.8
58515.36
59558.08
59276.8
60099.04
59404.32
59663.84
59429.92
59195.84
59193.12
59161.92
59089.92
58056.16
59136.64
58584.96
58435.36
58961.44
58462.4
58736.32
58066.4
60022.56
59169.6
57719.84
58265.44
58803.2
58917.6
58172.64
57628.48
58575.2
58832.64
58015.04
58981.28
58997.92
59339.84
58196.16
58346.24
57526.56
58449.76
59577.76
59462.88
58477.28
58878.56
57485.28
58824.96
56142.72
58840.8
58912.32
59360.48
58443.68
58363.36
59102.72
57517.12
58732.32
57630.72
57893.44
58186.08
58115.04
57724.32
58842.88
57680
57464.96
57964.64
58396.32
57629.28
57228.16
59243.68
58442.24
57970.56
58692.16
58022.24
57192.8
57937.76
57884.64
58090.24
57996.96
58324.16
57357.12
57239.84
57284.32
57654.72
58496
56917.28
58146.08
57748.96
57554.24
57832
57945.44
58069.28
57585.6
57759.2
58027.84
57398.08
57876
57668.16
57759.68
56916.32
58234.72
57413.12
57776.16
57851.2
56554.4
57419.36
56944.48
56754.56
57626.24
56439.84
58286.88
57333.44
56774.56
57281.76
58744.96
57712.32
57318.08
56890.56
56896.16
57559.2
56790.08
57334.4
57484.64
57000.48
57007.84
57049.44
57804.48
56614.08
56389.92
57049.44
57688.96
56779.68
57833.76
57094.24
55705.76
57206.4
56710.88
56573.44
58047.36
56132.96
56667.52
56846.56
57490.72
56621.28
56482.08
57161.6
56080.16
56507.2
56958.72
56798.4
57067.52
55734.08
56355.84
56451.84
56413.12
56693.92
57141.92
56290.56
56853.44
57571.36
56949.44
56731.36
56641.12
56919.36
56447.52
56270.56
58393.12
56935.36
57454.56
56360.64
56984
56532
56088.8
57047.04
57388.64
55931.84
57267.04
55809.92
56551.2
55994.72
56373.76
56367.52
56877.76
55411.36
55939.2
55210.72
55929.6
56711.52
56207.52
56723.52
55816.48
57101.6
56872.96
56765.6
55952.48
55633.44
56079.52
55683.04
55715.04
56233.28
56910.56
56377.92
56599.68
56435.04
56342.24
56414.24
56244.8
56218.88
57184
56066.08
55445.28
57041.92
56229.28
55903.04
56707.2
56285.28
55646.88
56288.96
56566.56
56695.04
55935.36
55533.6
55988
55436.96
55351.04
55855.36
56560.96
55555.36
56085.44
56000.32
55445.92
56181.44
57037.12
55885.28
54705.28
56152.32
55767.04
55794.56
54951.2
55982.08
55304.48
55306.24
55240
56861.12
55156.8
55969.76
55999.68
54840.16
56103.52
56358.08
56356.96
55673.12
55708.8
55276.48
54936.64
56193.28
55018.88
56338.72
55068.48
54617.76
56287.04
55303.2
55807.2
55058.24
54984.32
56018.24
54691.36
54934.24
55238.56
54753.6
55572.16
56189.12
54146.72
55290.72
54433.28
57141.12
56052
55474.88
55536.96
55955.36
55573.6
54804
56247.68
55085.28
55440.8
55754.88
56267.04
56374.72
54252
55195.04
54673.76
53600.48
54699.68
54903.68
54749.28
54267.2
55291.04
55768.48
54951.2
55280.16
55440.8
55065.12
55157.44
54853.76
54232.48
54937.76
54746.72
55076
55941.28
55797.12
54380
56047.52
54465.76
54987.52
56445.44
55571.04
55441.6
54957.76
54801.28
54925.28
54896.8
55173.44
56046.4
54188.64
54978.72
53660.48
55311.04
54721.44
54933.44
55651.2
54169.44
54540.48
54332.64
54182.72
54416.8
55540.96
54222.08
54600.32
55152
54739.36
54964
54940.48
55053.12
54111.84
54518.56
54223.84
54674.08
54667.84
55271.2
54488.32
53917.92
55368.48
54570.08
54064.32
54667.68
54786.72
55143.68
54977.12
55072.8
55300.8
55200.8
53667.68
54767.52
54467.2
54231.36
55443.68
53960
53776.8
53791.04
54258.88
56287.68
54888.64
54700.16
54564.64
54065.92
54124.48
55388.32
54642.56
53542.4
54510.56
54351.84
55176.48
54803.04
54675.84
54294.88
54887.52
55014.88
53888.16
54219.84
54092.8
54152.32
54919.04
54736.64
54512.48
53764
54843.36
53364.8
54680.48
53994.56
54713.44
53661.28
53945.6
54569.28
53528.96
53737.44
54012.64
55035.68
54112.48
53675.2
53560.16
54492.64
54752.32
54439.04
54297.6
54370.72
55408.8
54403.68
54311.36
54697.6
54745.6
54444.48
54090.88
54010.88
54623.84
54707.04
54548.64
53644.8
53479.84
53602.24
54208.16
54399.84
55434.08
54096.96
54464.8
54864.64
54708.16
54148.16
55123.52
53727.52
54238.56
54703.52
53911.04
54320.8
54527.2
54441.92
54855.52
55576.32
54555.84
54119.36
54907.68
53990.4
54410.88
54184.96
54139.68
53584.64
54244
54304.48
52796.16
54580.96
52753.28
53966.72
54590.4
54293.12
54297.76
53290.72
53966.72
53183.52
54224.96
54193.76
54799.2
53058.56
53442.56
54055.84
54238.24
54202.72
54275.36
54177.12
53943.52
53824
54336.16
53777.92
53300.32
53667.36
52933.92
54133.92
53438.24
53879.52
54105.44
54040.64
54054.24
54433.76
53747.52
53485.76
54325.92
53272
53957.76
53950.24
54832.48
54302.24
53935.2
53875.2
54958.4
53553.44
53361.76
52714.24
54116
54027.84
53474.72
52841.92
53328.8
53612.96
54309.44
54165.6
53533.6
53945.12
54419.68
53803.84
53528.96
54377.92
53032.64
53607.36
54187.68
53418.4
54129.76
53937.12
53971.84
55109.92
54483.2
53308
54211.2
53677.28
53456.48
54014.24
53437.6
52892
54389.6
53165.44
53229.28
54379.52
53927.68
53841.12
53448
53174.4
54055.52
53332.8
53303.04
54192.96
53120.32
53925.6
54165.28
54080.8
54091.84
53382.88
55332.96
53234.72
53350.56
54461.76
53679.2
53921.12
52794.72
54308.48
54348.64
53355.2
53366.4
53462.4
53989.12
54377.44
53734.56
53767.04
54107.04
54126.08
53182.4
53841.76
53925.6
53423.68
53204.48
54003.04
53227.52
52880.96
52772.64
53652.16
52067.52
53299.36
53486.4
54391.52
54071.2
53737.6
54383.04
53605.28
53296.8
53357.6
53528
54826.88
53752
53617.76
54235.04
53649.6
53403.04
53204.96
53788
54585.76
53876.48
53263.04
54344.48
54262.4
54380.96
52326.56
53676.32
53281.28
53264.48
53498.72
53830.56
53718.72
53098.56
53886.72
55135.52
53770.4
53731.2
53003.04
54041.12
54136.48
53797.6
53940.8
53564.8
53476
53356.48
53632.64
53049.44
54120.32
53207.68
52807.04
53708.64
52622.08
53982.4
53807.2
54302.24
53265.28
53177.44
53853.76
53208.96
53429.6
54673.92
52815.84
53819.84
53361.28
53352.96
53822.88
53977.28
53501.76
53375.04
53873.28
53088.96
54415.04
53261.12
53259.84
53329.44
53888
53859.52
54328.96
54517.76
54533.76
54567.2
53909.92
54336.16
53625.76
53283.04
53750.24
53395.36
52437.76
53880.8
53521.12
53838.72
52990.4
54212
53494.24
53495.84
53365.6
55032.48
53160.8
53074.88
53805.44
54121.44
54065.76
53945.6
53460
54883.2
53954.88
53956.64
53309.76
53432
53480.96
53952.64
53612.16
54993.6
52750.24
53791.84
54267.84
54314.72
53760.48
54240.16
52948.32
52639.84
52910.88
53461.44
53890.56
53872.32
54140.48
53518.88
52844.16
53653.12
52912
54569.12
54329.12
55508.48
53727.52
53534.24
53849.76
52814.56
53149.92
53201.28
53545.12
54135.68
53559.36
54921.12
53635.68
52358.24
54004.16
54297.6
54476.96
54357.12
53683.36
54392.96
53847.2
53183.84
54217.76
54179.36
54011.04
54452.48
53857.76
53377.44
53589.6
55026.56
55196.96
52767.52
53791.52
53642.4
53417.28
53346.88
54083.36
54044.16
54412.8
54548.32
54503.68
54039.68
54624.48
53450.08
53472.48
54206.24
54688.16
54089.44
53942.88
54082.56
53795.68
53616
54777.44
54732.32
54439.36
54711.52
54224.32
53663.84
53871.68
53754.24
54198.08
53625.28
54758.24
53708.96
54420.16
54878.72
54182.56
54415.52
53962.08
54020.8
53558.24
54182.24
54669.92
53840.8
54751.84
54127.68
54539.84
53922.72
53355.04
54439.68
54245.12
54644.48
53798.88
54043.04
54858.24
54691.36
54478.88
54683.2
53714.4
54266.56
53334.4
54588.32
54067.68
54131.52
54137.76
54822.24
55132.32
54714.08
54709.28
53906.88
54797.6
54665.76
54301.28
54863.52
53896.64
54532.64
53772.32
53730.08
54743.52
53670.08
54120
54100.64
54088.48
53808.16
53735.68
54627.04
53882.88
53472
54934.88
54989.44
54564.8
54042.4
54328.16
54220.64
54485.6
54603.04
54796.48
53998.4
55116.64
54093.92
54184.96
54948.64
54535.2
53540.96
54376.96
55415.84
53594.56
54071.68
54794.88
54132.32
54575.36
55082.88
54379.04
54413.92
55589.44
54613.44
54583.04
54943.04
55168.64
54843.84
53766.88
54346.08
54511.36
55027.2
53650.88
54180
54726.88
53762.56
54392.64
54600.8
53968.16
53844.32
54332.16
54422.08
55064.96
55315.36
54609.44
55396.48
54015.84
54822.56
54711.2
54866.08
54524.16
55820.48
55237.28
54377.28
53978.24
55743.36
54693.44
56079.36
55361.6
54398.88
54922.24
54907.84
54764
54805.76
55145.76
54688.64
54749.92
54462.24
54677.6
54968.64
55077.28
55661.76
55350.72
54585.28
55220.16
55564.32
55948
54442.24
54998.4
56126.72
54896.96
54995.68
54609.6
55259.84
54895.52
54858.56
54651.52
55736.48
54658.88
55847.2
54970.08
54498.56
54416.8
55209.44
55073.12
55247.84
56025.76
55241.44
55176.32
53932.64
55762.08
54870.88
55870.08
54108.64
54445.76
55452.96
55292.8
54504
55468.64
55138.72
54314.88
55453.76
55800.16
55187.52
54049.6
55172
54894.24
55326.24
54866.24
56322.88
55086.24
55042.72
55532.32
54864.48
54832
56201.28
55174.4
55176.32
55109.6
54811.36
55723.52
55307.52
55060.96
55007.52
56080
55390.56
55032
54698.4
54363.04
54528.32
56237.76
55809.76
56107.2
54709.28
55059.84
55862.24
55347.68
55538.24
55304.96
55385.92
56524.96
55314.88
54774.24
55042.08
55686.72
55390.56
55323.84
55302.56
55525.44
56612.64
54934.24
56135.84
56600.48
56119.2
55414.72
55105.12
54951.04
55224.32
55215.36
55254.88
55335.2
55099.04
55419.84
54647.52
55485.92
56422.4
55339.04
56561.76
55597.76
54886.56
55988.96
55281.6
55954.08
54850.08
55152.8
55489.6
55723.68
55467.36
55812.96
55768
55320.96
56075.52
55889.92
55559.68
56043.68
56618.56
54499.36
55740.16
56469.76
55767.84
55962.08
55369.44
55756.8
56060.16
56371.2
56359.52
55942.4
55456.32
56504.48
55666.08
55472.32
55597.44
56029.44
56823.36
57172.8
56072.16
55264.16
55568.64
55626.56
55047.84
57455.84
56232.64
56600.32
56592.64
55705.12
56009.12
56467.52
56522.72
56396.64
55681.28
56539.84
55715.04
56122.88
56561.12
56944
56180.96
56816.16
56443.84
56004
56450.72
56117.6
56012.8
56747.84
57296.48
56278.24
56551.84
57317.6
56572.96
56068.64
55780.16
56547.84
56462.88
56569.12
56672.96
55412.8
57127.68
57421.44
55546.88
55885.6
56052.16
56194.56
56391.68
55929.28
56155.04
56701.12
56848.96
56984.96
57281.6
56538.56
56730.08
56713.12
56130.24
56673.28
56738.56
56896.48
56089.28
56697.76
56525.28
57036.8
56883.2
56643.84
57286.24
56372.8
55863.2
57002.56
56501.76
56853.76
57671.68
57334.72
56633.6
56842.72
56432.48
56979.04
57240.32
56409.28
56363.2
57525.6
55419.2
57568.64
56438.24
58234.56
58198.88
57298.24
57085.12
57824
57291.68
57584.96
56638.88
57216
57700.48
57349.44
57411.84
56543.36
56396.16
57086.56
56444
57295.2
57669.12
57441.92
57178.56
57859.36
57748.48
57306.88
58068.16
57379.36
56731.2
57935.68
58254.24
57106.4
56849.12
57336.16
57805.28
58392.16
58053.28
57277.12
57365.76
57200.64
57428.16
57995.04
57808
57312.48
57587.36
57008.16
57989.28
57751.04
57206.72
57559.52
57880.96
57562.88
55875.68
57934.72
57432.48
58037.92
58369.6
57104.8
58414.4
58185.6
58410.72
58179.2
57751.52
58193.28
57156.96
57593.12
57538.88
58140.16
58028.64
58702.56
58194.4
58011.68
58197.44
58556.32
58973.44
57874.72
58479.52
57030.72
59284.64
58479.04
56931.36
58349.92
58432.48
59774.56
57734.88
57236.96
57501.28
57216.64
58929.12
57914.4
58059.36
59197.44
58952.32
58188.16
57989.12
57725.92
58841.92
58514.08
59385.6
58611.68
58663.04
58075.68
58497.44
58845.44
58641.12
57993.44
58269.92
57521.44
59144.16
58830.56
57779.36
58105.92
58147.2
58303.52
58187.36
57955.68
59007.36
58680.16
59462.88
58968.64
58324.96
58274.56
59299.84
60112.8
59020.32
59543.04
58476.48
59217.12
60057.12
58649.12
58271.52
58383.04
58446.88
59314.72
59782.4
59025.12
59744.32
58825.76
59221.92
58856.16
59796.32
59073.92
59106.4
59108.48
59332
59691.68
59498.88
58489.12
59852.96
58896.32
60068.32
59462.56
60133.44
59236.96
59498.4
59305.28
58675.84
58817.92
59783.52
59106.4
60416.16
59294.08
59101.76
60170.08
59324.8
59712.64
59973.28
59798.24
60055.2
59452.16
59423.84
59619.68
60337.44
59641.12
58939.52
59255.36
59955.68
60702.24
60192.32
60202.56
59458.08
59647.2
59554.08
59716.48
60255.84
60769.92
59825.6
59064.64
60365.76
59998.4
59833.28
60150.08
60884.48
60101.6
60937.76
59952.64
61067.52
60421.76
60380.48
59857.6
60417.12
59879.52
59632.96
59976.96
59306.88
60585.92
60034.72
59692.8
59968.32
59751.36
60331.2
59623.2
60156.64
60150.24
60700.64
61228.96
60368.48
60049.44
60061.12
61207.36
60803.2
60750.08
61107.52
60728.32
60756.48
60731.36
60045.92
61407.52
60431.52
60821.44
61599.04
60560
60610.08
60015.36
61388.16
60377.12
60993.92
60165.12
61568.64
61488.8
61128.16
60922.08
61378.56
61260
61464.16
61387.36
60660
61103.68
60911.52
61228.64
60257.28
61278.88
61470.4
60732.64
61143.52
61759.68
61402.72
62172.96
61738.72
61617.76
60893.6
62138.4
62513.28
62252.32
61507.84
61196.96
62212
61977.92
61817.6
61513.76
61772
61600.32
62074.24
61558.4
62127.04
61625.44
60810.08
61577.6
60723.84
61518.72
62097.44
61367.2
61750.72
61112.48
62323.68
61174.88
62523.04
62570.56
61611.2
62740.64
61275.36
63508.48
62260.64
62142.56
62415.04
61777.92
62367.68
61901.6
62842.88
62809.12
62141.44
63132.8
61871.36
61591.04
62065.28
61471.84
63888.96
61653.76
62150.56
62108.16
63642.88
62467.2
62121.44
62871.68
62167.04
63052.64
62820.64
63155.2
62987.84
61954.4
62441.92
62532.96
62740.32
62217.28
62526.56
62607.84
62962.88
62556.48
62858.4
63349.12
62713.28
63566.08
62915.36
62653.28
63896.16
62713.44
62640
63133.92
63168
63412.16
62836
63409.28
63591.84
64411.84
64365.12
62279.36
63357.76
63659.36
63288.32
64618.4
62848.32
63350.72
63215.52
62643.2
63261.44
64118.56
64503.68
63438.24
63307.68
63939.68
64574.88
63274.4
64144
63965.28
64284.32
63662.72
63533.76
62983.84
63457.6
64721.12
63574.24
64517.76
63383.04
64778.24
64174.72
63568.96
64080.64
64298.08
64680.48
64249.76
63735.04
65055.84
64159.36
64172.32
63312.48
64430.24
64395.2
64027.04
64595.36
63927.2
64475.04
63779.52
64882.72
64597.6
65873.92
64597.12
64854.08
65109.44
63074.24
64267.68
63945.92
64117.28
64468.8
63923.52
64552.64
64402.4
65096.64
64720.8
63907.36
64676.8
65484.96
65679.68
65175.04
64421.92
64943.68
64808
64681.28
64669.76
66082.56
65286.08
65491.36
65216.48
64492.8
65422.72
65234.56
64941.44
64065.12
65585.6
65025.92
66511.52
64866.72
65212.64
65449.12
64021.92
64860.32
65240.16
65328.16
65654.56
65212.32
65240
65123.36
65683.04
66087.52
67013.28
65661.92
65177.6
65790.24
64677.6
65337.76
65645.28
65685.92
66097.12
66107.68
66546.88
66844.16
65550.72
65728.16
66108.8
65444
65954.24
65133.6
65799.36
67122.4
65670.4
66814.24
66525.76
65938.08
66454.4
66885.76
65836.96
65865.6
66577.76
66523.2
66155.68
67864.96
65919.52
66701.28
65980.96
66290.88
67446.4
66256.32
66195.84
66443.04
65788.64
66824
67585.12
66634.56
66995.36
66126.88
66193.28
67414.08
66232.32
66506.24
67546.72
66509.92
67364.16
67243.04
67986.56
67100.48
67068.8
66823.84
66748.8
67421.12
67568.32
67043.68
67293.28
67262.72
67874.08
67953.28
66614.4
67443.2
67040.48
68165.28
67817.44
66807.2
67942.56
67713.12
68555.36
67897.76
68975.84
67412.48
67305.44
67077.12
67996.48
67331.04
66722.4
67469.6
68313.44
67668.32
67790.56
69463.52
69079.84
68299.04
67046.08
66949.12
67838.08
68387.36
68261.6
67918.72
68333.44
68765.28
69210.4
69138.08
68528.96
68858.08
67391.84
67609.76
68191.2
68189.76
68704.64
68735.2
69038.4
68890.24
69519.04
68414.56
69016.16
69422.24
68401.76
68500.64
68447.52
68814.88
68453.92
68844.48
68857.44
68680.96
68377.28
69179.2
69448.32
68859.36
68357.44
68930.56
68019.52
68862.72
68071.84
68784.64
68889.6
68786.72
69472.64
69353.44
69896.96
68669.76
69379.2
68905.28
69580
69038.24
69967.68
69316.8
69359.2
68689.92
69575.36
68754.24
70237.92
69261.6
70046.24
69881.12
69752.64
70663.68
69792.32
69322.88
69793.44
70216.96
70709.44
68641.6
69784.48
70368.48
69377.92
70423.52
69890.56
71047.04
69983.52
69888.32
70261.44
69857.76
71254.08
70164.96
71001.6
71316.48
70637.92
69716.48
69125.12
70128.96
69579.04
69518.4
71619.68
70564.96
70431.84
70197.92
71180.16
71132
71004.64
70943.84
71709.92
70028.16
70862.4
70800.96
70456.96
71455.68
70236.96
71305.12
71871.52
71169.28
71602.24
71712.16
71950.24
70953.6
70037.76
71794.88
71996.16
70610.4
71847.52
70570.56
71778.4
72109.76
71503.2
72541.44
71899.2
71503.84
70910.08
71691.84
71865.76
71239.68
70947.04
71563.52
71903.2
72876.96
72056.96
71036.64
71640.8
72443.52
72543.52
72162.88
71665.12
72754.08
73982.72
71826.4
71954.4
72388.32
73105.6
72523.52
72732.8
72220.64
72847.84
72492.48
71438.56
72544.16
72717.12
72791.04
72941.28
72210.88
72058.4
72681.76
72170.08
72329.28
72783.68
73891.84
72900.32
73731.52
72785.44
73327.04
73995.2
73619.68
72736.64
73542.88
72787.36
74008.32
72749.12
73276.8
73210.4
73967.2
73436.16
73061.6
73351.68
74161.92
73679.52
73163.2
73391.04
73341.76
73838.56
73796.32
73633.44
73629.92
74027.52
74426.72
74478.24
73159.52
73122.24
73893.6
74225.28
74452.96
74762.08
74609.28
73857.44
73689.92
73666.4
73800
74900.8
73706.08
74047.84
74260.32
74526.4
73960
74318.88
74011.2
75346.24
75485.92
74163.04
74118.88
74707.84
75717.6
74077.6
74858.88
74813.28
75085.28
75435.84
74426.24
75746.72
75803.04
74466.08
74545.6
74698.4
74257.76
75622.24
75695.2
75854.08
75782.56
74825.12
74756.32
75031.52
75314.88
74114.4
74767.84
75533.44
76439.36
75996.16
76104
76401.6
76261.92
76305.76
75429.92
75467.36
75737.44
75829.12
75994.08
76954.56
76156.32
74986.24
75943.52
76071.68
76164.16
75310.72
76154.56
75857.92
76246.08
76071.84
76137.12
77290.08
76623.2
75677.6
76439.36
76009.92
76470.72
76577.12
76446.72
77367.68
76934.56
77684.48
77527.84
76605.44
76187.52
77230.24
76865.28
76703.68
76576
77556
76349.92
77551.52
77184.48
77090.08
77376.16
76614.72
76927.36
76961.92
77361.12
78014.88
77151.36
77587.36
77859.36
77567.36
77199.36
77324.32
78493.44
77280.16
77541.92
77188.32
77441.76
77953.76
78092
77567.04
77324
78286.4
78490.24
77920.32
78320.16
77545.92
78837.28
77453.76
78857.28
78477.92
78510.56
78563.84
77860
77003.04
78474.24
77382.56
77633.28
77806.24
78269.92
79103.2
78743.84
79099.52
77325.28
78668.48
79306.56
79366.24
78896.48
78312.16
78151.68
79571.52
78994.72
78502.72
79929.12
79664
79595.68
79550.72
79003.04
79503.04
79119.84
78862.88
79416.64
79600.16
80038.72
78699.84
79700.8
79155.84
79460
80225.6
79269.6
79424.8
79910.24
80397.44
79772.16
80069.12
79403.04
80013.12
79479.04
79603.36
80546.72
79829.6
80146.08
81046.24
80461.76
80489.92
80497.44
80142.4
79799.04
79832.64
80083.84
80413.76
80727.04
80153.76
81838.08
80937.12
80411.04
80440.8
80702.4