80721.7578
80548.7969
80549.1250
80557.7422
80623.2188
81365.6406
81523.5547
81474.6875
81228.0312
80968.6953
80801.7031
80746.1797
80681.8750
80675.3125
80702.6484
80751.8281
80779.6094
80862.5312
80958.0078
81048.5625
81118.4453
81163.1172
81175.7188
81141.1172
81049.1953
80925.6016
80810.9766
80734.6875
80696.1484
80682.7031
80686.4531
80695.0703
80695.0156
80679.0234
80660.2422
80650.5703
80661.6172
80673.1562
80684.8281
80719.4609
80721.1562
80805.8203
80830.5625
80869.2891
80888.6328
80503.0391
80275.6406
79799.8125
79547.6016
79618.7109
79869.6797
80123.6250
80387.6328
80777.5156
81077.4219
80955.7578
80785.0703
80530.5781
80507.3281
80479.9062
80451.8828
80420.2188
80383.9766
80344.6875
80305.1719
80267.4688
80230.8672
80194.9375
80156.1016
80110.7969
80060.7031
80015.3906
79980.3906
79955.1875
79941.5859
79939.2891
79945.1250
79950.9453
79949.5391
79942.8203
79937.6719
79935.0781
79928.3438
79913.7266
79891.6172
79860.7500
79821.3594
79782.2188
79754.8906
79749.1172
79764.9609
79788.1172
79795.7891
79774.9062
79730.9219
79678.1562
79628.2734
79583.5547
79538.7188
79485.6797
79417.7188
79334.1016
79239.9297
79144.1484
79054.6094
78976.2266
78911.4219
78857.9062
78809.1719
78758.7500
78701.4297
78636.1250
78568.7188
78510.9609
78467.0391
78430.8281
78390.0859
78341.1953
78292.1641
78250.8203
78218.6562
78194.2109
78178.6719
78177.9062
78195.2969
78226.4766
78261.1875
78288.2656
78302.2969
78304.2031
78295.3906
78277.0938
78250.2969
78214.2031
78167.1328
78114.9141
78064.6484
78020.3672
77980.7734
77947.4297
77923.4453
77911.6172
77907.2188
77896.9219
77869.7812
77817.4609
77737.9297
77638.9609
77529.7812
77415.3516
77299.0625
77185.9688
77085.9062
77008.2109
76956.7344
76931.2266
76930.8672
76948.8750
76974.1562
76998.7344
77020.9609
77039.4141
77045.7891
77026.7188
76972.7188
76883.6016
76767.9453
76636.3438
76502.6406
76382.2578
76286.8359
76216.5312
76161.8906
76110.8828
76057.0391
75999.2188
75937.5000
75874.1562
75814.5625
75762.9375
75713.6953
75658.9062
75590.9453
75503.3828
75397.5234
75284.9219
75181.6875
75100.4766
75044.9531
75013.6562
75001.1875
74996.7734
74988.3594
74972.4766
74952.3594
74931.8672
74912.3516
74893.5625
74876.6875
74865.9688
74864.6328
74872.5469
74883.9609
74888.1797
74873.0625
74833.5938
74769.8750
74687.1406
74598.4609
74517.6094
74450.9844
74395.9453
74346.9766
74297.9844
74243.5156
74182.8203
74121.5547
74067.8125
74027.3047
73999.6250
73976.8125
73947.6406
73904.5781
73845.5391
73778.7656
73714.1406
73658.1016
73617.3594
73593.2969
73579.1328
73561.2969
73529.8359
73482.5781
73423.9609
73361.9609
73304.5703
73256.2656
73212.0625
73161.9609
73096.8047
73016.1406
72927.7578
72845.1953
72777.0859
72723.2188
72674.1406
72615.9688
72541.5938
72457.4062
72378.7578
72317.1250
72272.9141
72241.8203
72219.7578
72200.1797
72172.4297
72134.2578
72093.7812
72057.7734
72027.9375
72007.5156
72000.2891
72010.2422
72038.7656
72075.1953
72100.2188
72098.8594
72065.5078
72006.9766
71939.6016
71879.5000
71832.6172
71794.8438
71758.2734
71715.5156
71664.6953
71607.5859
71545.1172
71476.7188
71401.6484
71323.3203
71250.8438
71190.2969
71139.6562
71094.8672
71052.3125
71011.4062
70974.2266
70943.8594
70920.2578
70897.0391
70868.6875
70828.3438
70772.2969
70703.3125
70629.1406
70560.0234
70501.2422
70450.2109
70402.1406
70354.3438
70304.8125
70250.5234
70188.8203
70116.5547
70031.5000
69935.1016
69828.7734
69718.6875
69614.7891
69528.5391
69467.1016
69433.9609
69430.1719
69451.5625
69484.8750
69511.8906
69519.9922
69504.6562
69472.9531
69437.7188
69408.1406
69384.0859
69358.8516
69329.7344
69304.3125
69294.7109
69306.6719
69333.7500
69359.3906
69368.4844
69361.5547
69351.7109
69348.4844
69351.4922
69354.2344
69350.0703
69328.6953
69280.3828
69201.3125
69100.9688
68994.4062
68894.5938
68810.5078
68747.9688
68708.2031
68687.8125
68680.2031
68680.7109
68683.8203
68682.9609
68665.3750
68616.7031
68531.1484
68413.4766
68278.4844
68147.0234
68039.0859
67964.5781
67921.0469
67898.9922
67883.8203
67855.5156
67801.3672
67725.3047
67647.4141
67592.2656
67576.5156
67599.7969
67644.7422
67690.1328
67725.0938
67746.0859
67748.7500
67726.0000
67677.4844
67615.0000
67550.0547
67485.6406
67422.6406
67364.5547
67316.6953
67279.8125
67246.1875
67207.3438
67158.9609
67102.3750
67042.7266
66987.4219
66942.8672
66912.1797
66893.5156
66879.6250
66862.6172
66834.8828
66793.4062
66738.9219
66674.7656
66608.6641
66546.0312
66487.1328
66431.0469
66377.8906
66332.0312
66297.0938
66267.9297
66236.1719
66202.4922
66171.4062
66149.7188
66145.1094
66160.7500
66189.2812
66215.8906
66226.6172
66217.9375
66197.4766
66177.2734
66164.9531
66156.7656
66140.9453
66108.1406
66060.3594
66005.0703
65950.5625
65902.4609
65859.5781
65820.2422
65783.9844
65750.6562
65719.6797
65689.9297
65661.1484
65638.0625
65625.3984
65621.9062
65619.6875
65607.4219
65571.4766
65502.9375
65401.9062
65275.1953
65142.5391
65030.3555
64959.5117
64940.5000
64971.5469
65037.0898
65112.3438
65172.8633
65202.6445
65199.4180
65170.5781
65125.2227
65070.4453
65014.9531
64961.2227
64906.4102
64845.8750
64779.7305
64717.9180
64675.4922
64657.6523
64659.5586
64670.5117
64683.9883
64697.5391
64703.5273
64691.5586
64657.5742
64608.4531
64555.3477
64505.0273
64460.8164
64428.4023
64408.3594
64393.0820
64379.4062
64367.4688
64352.1758
64323.4258
64273.5820
64202.8008
64117.6562
64025.6641
63938.6289
63869.6602
63828.8906
63817.3398
63822.5977
63826.4922
63815.6758
63786.8711
63741.4531
63680.3750
63606.1367
63527.6133
63455.4492
63401.3516
63371.7656
63361.1484
63356.2461
63345.5938
63326.2969
63300.6133
63270.5117
63236.9883
63197.8789
63158.1250
63130.0742
63122.0625
63137.0117
63171.6055
63216.9375
63258.6680
63284.0195
63286.1172
63268.0000
63235.4414
63194.1680
63152.3594
63117.9219
63098.4922
63092.7148
63089.8945
63079.9258
63062.4961
63040.1914
63013.0508
62980.0078
62939.7891
62897.1289
62860.0273
62831.5039
62810.1289
62793.5938
62777.2852
62749.5078
62698.7734
62625.8516
62547.4922
62487.8320
62459.0234
62459.1172
62479.2617
62505.0195
62521.9844
62516.9297
62481.7383
62420.1602
62349.0742
62289.5039
62254.6680
62245.1289
62252.7617
62265.2578
62267.6797
62250.4297
62209.3359
62149.1406
62083.6211
62024.0781
61976.5938
61939.8867
61904.3984
61864.0391
61824.0156
61788.6562
61750.7500
61704.4219
61655.9258
61619.3867
61605.2969
61621.7695
61670.9922
61744.7891
61829.1992
61904.4062
61951.7812
61959.4141
61924.1875
61854.6719
61768.2695
61684.4570
61618.4961
61577.5859
61559.3633
61550.4453
61529.9844
61485.6875
61420.0781
61338.8906
61248.0078
61156.2656
61074.6875
61013.9336
60980.3594
60974.4727
60990.3789
61020.0469
61057.3516
61099.3125
61140.8789
61172.0078
61177.1602
61145.8906
61081.1680
60997.6484
60914.8594
60845.0977
60785.6836
60720.9727
60642.4922
60558.8047
60484.7461
60431.8828
60406.2188
60412.0586
60447.2656
60501.2500
60563.4023
60626.5938
60686.7188
60739.7500
60781.9258
60804.8945
60800.8789
60774.4102
60738.8516
60712.5312
60704.2148
60703.6055
60696.3242
60674.6094
60637.6797
60586.9062
60519.1992
60428.6602
60314.0742
60189.0781
60076.2070
59994.0547
59954.1445
59960.8945
60001.4062
60048.2812
60076.6562
60080.8750
60066.0273
60034.6406
59990.3750
59942.1602
59896.9766
59861.8906
59846.1523
59856.9336
59893.5391
59946.4492
60003.3828
60053.7969
60087.4844
60092.2070
60061.3086
60000.4844
59927.6836
59864.1992
59824.4531
59811.5859
59818.7227
59835.7695
59850.4883
59853.8281
59843.5547
59817.6641
59780.6484
59735.4297
59681.6328
59620.3047
59556.0703
59494.5625
59438.6719
59387.6016
59333.3633
59272.9336
59212.7617
59162.1172
59128.4023
59116.6875
59126.5859
59150.2188
59178.1758
59203.8516
59225.7500
59241.4727
59248.8477
59248.8438
59249.2773
59259.7188
59285.3750
59324.2695
59367.7422
59404.3945
59425.0195
59425.3164
59400.8867
59350.2266
59277.1562
59188.4648
59093.5195
59001.2969
58918.4609
58845.8594
58787.9102
58754.4805
58746.0781
58748.8789
58746.8164
58733.9258
58711.8320
58679.5703
58635.1406
58583.0195
58530.9141
58487.6523
58462.5586
58464.7227
58494.4258
58539.6562
58578.3047
58591.2695
58579.0938
58562.4453
58562.5859
58587.2891
58624.1055
58653.2930
58650.6992
58603.1602
58521.3828
58436.7305
58380.1562
58364.1953
58384.8867
58424.5117
58462.9336
58483.7266
58476.8320
58441.4961
58385.6797
58319.5508
58255.6172
58203.2344
58161.9961
58125.2695
58090.0430
58057.0703
58024.0820
57993.9258
57977.0625
57981.7305
58009.5938
58054.6445
58100.9531
58130.4648
58133.1484
58111.3320
58075.8008
58040.3477
58012.1797
57987.0586
57954.0547
57905.9258
57848.9414
57793.5312
57748.1016
57717.3477
57700.9688
57695.5781
57698.2695
57708.7383
57725.9688
57746.2891
57766.2461
57782.0977
57791.1016
57792.4727
57787.4805
57774.5156
57753.7305
57728.3164
57703.1406
57683.4062
57666.7617
57645.1289
57610.4531
57557.6602
57489.9180
57413.7227
57341.1211
57286.2266
57254.6094
57241.6523
57246.1992
57272.7539
57321.4297
57380.2383
57428.9766
57453.0312
57447.9336
57418.5625
57376.6250
57333.6719
57295.5742
57262.4961
57235.9805
57216.6094
57198.2852
57172.8008
57140.5820
57108.4609
57086.5547
57082.0195
57087.3750
57087.6328
57072.2305
57038.7773
56997.9570
56961.9609
56934.4844
56912.4180
56895.3125
56884.9688
56879.6289
56876.1016
56868.9453
56851.8633
56823.6602
56789.8906
56760.3164
56737.7031
56715.7852
56686.8867
56648.3867
56604.7656
56567.1602
56544.6562
56540.0312
56555.0898
56591.1094
56644.2695
56704.0352
56758.5586
56798.2773
56816.1406
56818.6914
56822.1680
56841.5039
56877.9844
56920.8008
56955.0234
56966.5430
56950.2461
56915.5156
56874.3984
56836.2656
56802.1719
56767.3125
56725.0977
56672.1523
56610.8125
56550.1836
56495.8008
56444.9219
56387.5781
56315.6289
56233.9570
56158.0234
56105.4883
56084.2070
56093.9023
56131.9375
56194.3945
56270.5703
56340.7422
56385.0273
56391.6406
56359.3008
56297.7773
56227.9141
56172.7969
56148.0117
56156.8828
56191.6914
56239.4414
56287.1797
56325.1133
56352.8086
56374.5039
56388.0586
56390.7109
56384.1367
56370.8828
56354.6445
56339.7734
56325.9492
56309.6680
56290.7266
56275.1836
56268.1797
56265.6367
56257.5352
56233.6836
56187.1758
56118.7305
56041.1328
55970.6602
55918.6875
55889.1133
55877.0508
55874.7773
55882.5391
55904.6055
55934.0039
55956.4336
55961.7031
55948.7422
55919.0352
55876.1797
55824.9922
55769.3008
55710.8320
55658.2344
55621.6562
55606.3398
55612.2539
55630.4727
55649.9766
55667.9180
55690.9727
55725.0859
55767.7656
55807.4453
55827.7031
55820.7344
55788.7930
55743.9492
55698.6680
55654.8281
55611.7266
55571.5078
55539.3750
55517.3906
55500.4922
55484.4570
55466.1719
55441.2930
55406.9297
55362.3047
55311.8516
55268.8828
55241.5508
55227.3242
55215.0508
55204.4531
55210.1211
55245.3242
55309.1367
55389.8125
55472.6133
55541.2695
55586.8906
55608.5703
55609.7812
55597.4102
55583.4062
55583.0742
55598.4062
55615.3477
55613.6875
55573.1055
55483.5938
55353.2539
55204.1328
55058.4453
54933.7734
54846.0195
54804.7227
54808.8281
54849.0938
54911.4180
54980.6367
55042.8203
55084.1172
55095.5469
55077.0859
55038.0391
54997.2461
54977.1836
54987.0430
55023.4414
55073.0742
55118.9062
55155.2734
55189.1992
55229.4766
55275.6758
55316.6172
55338.2734
55332.2930
55300.5508
55257.8359
55217.6133
55183.5469
55146.1094
55095.8359
55032.8320
54966.0469
54910.6914
54875.7227
54857.5430
54843.8125
54820.9570
54781.3594
54731.6641
54684.9062
54649.9648
54631.1797
54629.4375
54643.2305
54669.4883
54704.7891
54741.3320
54768.0195
54774.7461
54758.4219
54724.8164
54687.9102
54661.0039
54645.8086
54638.8711
54637.6797
54637.9727
54634.7617
54626.7305
54619.2422
54621.0742
54639.0000
54675.7930
54730.0625
54789.1250
54834.5703
54852.9375
54839.8203
54804.2500
54759.3281
54710.1680
54652.3906
54581.4805
54510.3672
54463.8789
54459.0508
54493.6914
54547.8633
54595.3047
54622.2461
54631.2578
54626.6641
54609.1484
54579.2500
54544.4922
54517.7773
54509.2305
54518.8945
54540.1211
54567.4219
54594.0273
54610.4727
54607.7695
54581.8555
54539.0664
54494.2891
54461.8594
54444.5586
54437.5703
54430.3242
54414.7109
54388.6484
54357.4648
54326.4648
54295.9922
54266.1719
54236.2500
54203.0469
54164.0820
54125.8906
54099.9844
54090.8672
54090.9180
54090.5742
54089.5977
54095.6602
54115.2773
54148.5430
54195.3555
54255.1797
54322.4375
54388.3750
54446.4570
54493.4258
54525.9336
54538.9570
54531.2031
54509.3398
54484.7422
54462.6133
54436.5742
54394.6445
54331.8125
54256.4883
54191.0586
54156.5352
54159.9141
54195.9609
54254.3086
54321.4844
54387.2500
54442.4336
54478.2695
54492.0039
54485.7852
54464.2500
54434.5000
54404.8555
54384.2969
54384.5195
54412.9102
54463.3320
54521.3086
54570.3750
54598.4180
54600.4961
54577.9180
54533.1562
54470.4375
54398.3320
54320.9727
54241.2539
54158.8242
54073.3320
53992.3906
53930.3516
53899.7109
53899.2734
53915.8516
53930.8086
53932.1328
53920.9375
53910.7109
53910.7539
53916.6992
53918.7930
53913.7383
53907.0664
53907.9492
53922.6211
53950.1602
53982.7539
54012.6055
54034.6250
54043.1055
54032.6133
53998.1328
53941.7891
53872.9375
53804.4180
53749.3750
53717.7578
53713.5547
53736.2344
53779.5430
53830.1367
53875.5195
53906.3438
53918.5391
53914.6211
53906.2930
53908.7617
53929.9023
53965.4961
54008.9688
54053.1875
54087.0117
54093.8242
54064.1484
54004.9609
53932.8203
53858.9219
53785.4492
53712.6016
53647.6289
53604.1328
53590.8008
53606.0859
53643.8477
53696.2656
53752.4688
53803.8086
53842.2305
53860.5469
53858.7461
53842.4180
53820.4219
53801.9805
53793.6836
53803.6641
53839.9648
53898.7070
53965.0508
54021.3281
54053.1172
54055.2852
54030.7539
53982.8984
53919.3867
53850.1562
53781.7344
53721.2188
53677.7344
53657.9375
53660.0273
53672.3711
53683.3477
53686.3828
53678.5820
53663.2578
53645.2578
53629.0156
53620.5156
53626.5742
53651.5039
53691.1523
53742.3594
53800.8203
53855.4414
53896.4648
53920.4414
53929.5117
53922.9570
53901.1289
53872.3477
53846.2891
53825.2773
53804.4844
53780.3867
53757.9922
53745.8516
53747.9258
53762.9336
53787.8867
53815.5547
53836.7969
53846.5508
53843.7695
53827.4180
53799.2734
53762.9805
53719.0898
53663.4688
53595.3477
53514.9961
53424.9688
53334.1680
53261.0547
53226.7930
53242.3008
53305.4180
53401.9375
53508.5898
53600.6055
53661.2227
53692.7930
53710.5469
53727.5742
53750.1133
53777.4922
53802.8555
53815.5273
53808.7773
53788.8906
53770.4570
53762.0742
53765.1523
53779.7109
53807.4609
53839.9492
53860.6758
53855.7578
53820.6719
53761.2461
53691.6250
53628.3438
53580.6523
53550.4414
53543.6250
53567.0742
53618.7539
53682.1211
53737.2383
53774.5273
53795.8594
53808.3398
53816.7656
53820.3242
53814.1367
53794.7383
53760.7812
53717.0312
53671.1016
53625.4062
53579.6055
53531.0391
53481.0469
53438.0742
53415.7852
53421.7227
53449.5039
53485.9062
53518.1680
53538.0547
53549.3281
53558.5625
53568.7148
53578.1484
53582.6562
53580.7266
53576.8633
53577.0000
53582.3320
53590.9648
53598.1680
53603.3281
53608.3477
53612.1562
53610.1719
53600.6875
53588.4414
53584.1094
53600.5625
53647.2617
53726.1680
53827.9062
53935.9961
54031.6055
54096.4492
54119.3477
54099.2227
54038.4102
53945.0430
53834.8594
53728.1523
53639.1289
53575.5273
53539.3789
53526.7656
53528.7734
53543.1445
53570.3789
53603.7422
53632.4258
53651.7656
53666.3555
53684.3750
53708.5234
53740.3477
53781.4805
53830.4375
53878.3008
53911.2500
53918.0859
53898.1016
53859.9531
53821.9258
53796.6133
53784.1523
53780.4688
53785.6484
53801.1914
53827.1172
53855.5781
53868.8086
53848.0391
53787.1133
53698.9102
53608.6406
53542.1211
53513.0742
53515.1836
53530.8516
53541.5039
53541.7695
53542.4844
53566.7734
53630.2812
53725.8477
53829.1797
53910.0312
53944.5977
53924.1367
53857.3828
53768.0430
53682.8828
53626.4570
53612.0234
53629.1992
53655.1055
53675.3164
53692.5430
53719.2031
53762.1094
53818.9648
53881.0078
53933.8555
53966.2461
53977.5469
53975.7305
53972.6641
53976.5664
53985.3086
53988.9141
53984.7891
53985.9570
54001.1250
54023.7539
54038.7852
54032.9648
54000.1562
53945.4258
53883.4961
53833.3398
53811.7930
53827.9180
53878.3164
53951.4492
54029.4102
54091.0391
54122.4766
54126.5430
54117.2461
54107.3164
54102.0859
54099.5117
54092.8516
54080.6875
54071.6719
54077.6836
54106.2656
54155.4414
54211.6641
54256.0898
54273.6484
54260.7305
54222.8555
54173.7812
54127.4648
54093.5859
54079.8906
54089.8711
54120.7070
54162.6328
54202.3477
54226.2148
54226.7930
54209.0469
54184.0859
54164.0703
54156.8203
54164.7617
54183.7773
54201.5078
54206.6797
54197.2305
54181.5859
54168.9258
54162.0508
54162.1875
54173.2422
54198.9258
54239.6367
54287.3594
54329.0078
54349.7461
54342.8789
54313.0625
54271.4180
54229.0508
54196.7227
54186.5117
54207.1797
54258.6836
54328.0273
54397.5195
54455.1719
54496.1211
54522.1484
54535.1797
54535.9180
54522.6758
54491.5039
54444.1016
54386.6797
54326.1445
54268.2930
54217.3164
54174.2188
54136.2109
54103.0898
54077.3086
54057.6445
54044.2695
54044.6953
54068.5195
54116.2227
54177.4219
54237.3789
54285.5195
54319.8242
54346.0508
54369.0469
54392.4531
54416.7109
54437.6406
54452.6602
54463.4727
54468.4844
54462.9531
54450.1094
54435.7891
54420.7617
54404.6914
54388.3477
54374.2188
54368.5352
54376.6484
54397.8516
54431.5117
54477.4648
54531.8750
54588.2773
54642.6172
54693.6836
54735.1719
54756.2617
54750.0898
54721.6367
54679.4375
54628.3984
54573.1328
54516.9102
54462.0664
54412.8203
54372.3906
54338.8711
54308.3594
54280.1758
54261.0391
54263.9688
54297.9023
54363.7188
54449.7734
54537.4492
54611.0859
54664.1953
54697.3516
54719.9219
54746.0312
54781.9609
54818.3906
54844.9062
54859.0078
54870.3242
54893.4023
54932.1875
54977.1992
55014.5508
55034.3086
55033.5742
55017.0938
54992.4844
54965.3750
54936.6953
54904.7734
54870.3359
54838.8359
54820.9258
54827.2461
54858.1602
54904.1562
54955.5039
55010.5703
55067.3945
55118.3086
55159.5078
55191.9375
55216.0312
55227.6953
55223.2891
55203.3516
55171.6602
55131.7773
55090.9102
55056.5000
55036.2344
55034.3203
55045.4805
55055.4492
55052.4492
55035.1953
55012.0078
54998.3125
55007.2266
55040.9609
55084.4023
55119.4805
55136.7383
55140.5938
55136.9414
55123.8164
55099.0547
55067.9766
55037.5859
55013.9375
55001.4023
54997.4492
54997.1445
55001.8516
55017.0742
55039.4883
55058.4727
55065.0469
55058.9453
55045.8555
55038.4453
55048.6055
55078.1523
55120.5898
55164.8750
55198.7891
55219.6562
55233.5469
55246.6836
55259.9297
55268.1836
55268.5312
55263.7734
55258.0430
55252.1836
55249.0078
55253.7422
55267.6758
55283.4336
55286.4336
55262.8711
55215.7422
55166.3125
55141.8516
55154.5117
55194.6211
55244.8203
55292.1992
55331.6367
55362.4062
55384.8789
55405.3008
55431.0703
55460.2383
55481.4180
55485.7578
55473.6367
55451.8008
55427.4922
55406.2188
55397.3281
55406.6406
55434.0469
55479.6719
55544.4609
55622.6641
55697.8984
55748.4453
55758.7031
55726.3750
55661.4531
55580.3633
55498.2266
55425.7578
55365.5781
55316.2422
55282.7031
55272.8555
55294.2227
55347.5742
55419.7773
55492.1875
55549.6953
55587.2031
55604.3633
55600.7188
55577.8789
55543.3008
55507.7500
55481.5820
55471.8711
55478.6445
55498.3984
55528.2266
55564.6445
55604.3867
55648.9922
55694.4453
55730.2656
55751.8633
55763.5352
55773.0859
55783.3906
55791.7656
55796.1680
55800.5625
55813.5977
55840.8945
55877.7305
55915.6758
55947.5273
55966.6992
55967.7734
55950.9453
55927.5859
55919.2070
55942.2539
55992.0977
56045.9219
56078.8555
56074.4258
56038.9336
55996.5820
55973.3125
55984.3516
56026.4453
56082.1875
56134.0430
56174.4688
56205.3047
56228.1250
56243.0508
56248.3086
56242.1836
56227.7461
56215.6016
56216.1445
56234.6758
56269.8633
56312.8125
56352.1758
56378.9414
56387.8594
56381.0547
56371.2578
56372.1758
56389.2500
56422.7812
56469.7578
56520.8359
56559.8945
56573.9570
56561.3242
56531.1680
56497.6445
56466.9531
56440.6445
56425.7305
56425.8789
56433.2578
56433.6797
56417.2500
56384.5977
56342.5703
56298.5273
56260.5273
56238.4219
56241.9375
56278.1406
56345.2188
56431.3984
56520.4531
56595.6211
56645.5508
56668.7383
56673.0742
56666.7539
56654.6133
56639.1445
56624.5938
56617.2969
56621.2812
56638.5117
56666.1367
56692.5938
56706.4922
56703.8555
56689.3203
56676.5234
56681.9805
56712.7148
56762.1250
56814.0273
56853.6172
56876.6875
56885.5664
56881.4531
56868.3711
56846.7031
56818.0469
56786.7617
56765.3086
56773.7031
56825.4414
56915.5000
57026.3867
57138.3789
57237.2500
57312.2383
57356.3789
57371.7422
57368.3867
57358.3203
57345.9961
57325.0352
57287.6406
57230.7695
57160.3203
57092.0352
57044.4414
57028.2656
57045.2422
57091.6562
57158.6758
57236.9648
57317.6641
57388.3555
57439.5352
57473.7031
57498.5586
57515.3633
57519.4609
57509.8672
57496.8203
57496.7383
57517.7812
57553.5938
57588.4062
57607.8242
57608.8906
57599.9297
57590.4453
57584.7930
57579.8008
57572.1289
57563.5625
57556.6680
57551.7227
57549.2969
57550.7148
57547.8516
57530.8828
57498.6602
57462.0312
57439.8086
57443.4258
57474.1289
57528.0000
57600.7031
57687.3281
57778.7773
57864.1367
57930.6250
57967.0234
57968.5742
57941.6992
57901.8477
57869.2891
57860.4297
57879.8711
57921.0156
57974.2383
58035.4023
58101.2812
58166.4727
58218.2148
58248.8750
58263.0859
58264.4844
58252.6406
58229.8945
58211.2227
58211.6328
58228.3125
58241.7930
58229.3984
58186.0195
58125.2031
58066.2461
58028.5352
58027.8984
58067.9023
58135.5195
58206.2461
58261.0156
58295.4688
58320.7422
58352.0352
58397.0977
58450.4375
58499.2148
58534.6641
58556.4102
58566.0352
58563.0859
58542.8398
58506.2852
58465.1797
58430.7773
58405.1875
58383.3750
58360.3047
58334.5859
58306.6055
58281.4531
58268.3164
58279.1016
58322.1875
58393.4219
58475.3125
58550.9336
58619.3828
58690.0898
58771.3906
58859.7617
58943.1172
59015.1211
59074.6523
59116.6289
59131.0273
59110.0234
59058.3672
58996.8086
58949.6641
58934.2266
58952.8477
58995.0039
59044.0234
59088.8203
59126.0664
59155.6367
59177.1797
59191.0273
59201.3516
59214.8789
59231.6719
59248.3594
59261.0625
59271.2891
59284.8320
59309.4922
59347.9453
59395.0430
59440.6406
59471.5508
59475.6523
59451.7852
59409.5625
59367.9258
59344.3672
59343.6523
59362.3594
59393.6328
59430.6133
59469.8672
59511.1172
59555.8672
59602.7734
59645.4141
59676.1523
59694.6328
59706.5195
59713.2812
59709.6055
59692.5156
59671.5742
59664.2695
59683.9961
59729.2109
59784.7656
59831.6719
59857.2148
59861.6367
59859.0547
59865.1914
59881.7812
59901.1602
59916.7852
59926.4961
59932.1406
59941.5664
59963.0742
60002.6172
60058.6523
60126.0508
60199.0117
60270.8477
60331.7695
60373.0625
60389.7734
60379.5039
60343.4648
60284.4648
60211.2930
60137.9688
60075.6758
60028.6641
59994.8320
59971.6953
59956.7539
59948.0859
59945.4648
59952.7461
59979.5312
60032.8828
60107.7617
60187.6602
60259.3867
60321.0000
60377.6484
60436.0391
60499.1797
60564.5664
60626.1562
60674.4102
60704.9961
60720.0039
60724.8398
60729.3320
60741.5703
60761.7148
60779.8125
60787.6641
60783.4844
60771.5508
60755.4336
60740.5273
60737.0430
60754.5312
60794.1445
60849.7109
60912.8555
60977.5625
61040.9414
61097.9805
61141.5781
61166.0117
61171.0938
61157.8711
61129.5352
61095.0859
61064.1484
61042.3555
61034.3008
61044.1133
61076.6797
61134.7734
61214.7031
61302.4531
61383.3711
61454.5078
61523.8945
61597.2812
61668.3867
61726.9570
61768.7695
61796.3164
61812.8125
61819.7773
61817.5391
61808.7852
61797.2969
61787.6602
61782.7578
61777.5586
61763.1133
61730.5703
61677.4688
61613.5859
61554.4023
61512.5234
61490.5547
61486.8555
61496.9805
61519.0273
61557.2930
61614.0195
61687.6953
61768.9688
61851.4570
61934.7930
62018.1953
62097.6836
62165.1875
62213.6328
62239.7266
62248.2578
62251.9727
62262.0195
62285.3359
62320.2227
62353.8867
62370.4844
62358.3438
62324.8086
62287.6172
62259.6055
62243.1094
62241.1992
62259.1094
62295.7070
62343.8984
62393.3242
62437.4531
62476.4844
62516.0117
62562.1719
62612.1055
62654.4258
62678.1992
62680.9023
62666.3047
62640.4961
62610.1914
62583.5938
62567.4727
62565.2148
62579.4766
62610.4453
62657.3906
62717.4414
62782.5234
62846.7461
62906.7109
62957.1406
62992.9258
63013.5938
63025.0977
63034.0156
63044.9648
63062.1992
63094.2812
63152.9141
63235.4922
63323.0742
63395.5742
63442.5195
63470.0703
63489.0703
63504.0430
63512.2617
63505.9492
63479.4727
63439.1484
63405.2617
63397.1914
63418.8242
63461.1562
63516.1172
63577.0547
63638.1953
63695.5859
63748.9336
63798.0547
63838.9062
63861.8320
63857.6797
63831.0312
63796.8789
63772.9258
63767.9453
63783.7031
63818.7266
63865.7852
63914.0234
63955.7852
63992.0586
64028.6289
64066.6445
64105.9102
64146.4258
64186.3320
64217.0938
64230.2656
64225.8984
64210.7891
64194.9141
64184.9492
64183.2500
64186.8438
64193.7305
64206.4023
64235.6992
64291.4961
64373.3164
64471.6797
64564.5391
64626.2812
64640.6797
64607.2617
64540.3594
64459.2148
64381.4922
64320.0820
64284.9922
64282.2539
64307.0000
64346.4258
64392.6680
64449.7695
64525.7930
64618.4492
64714.2305
64797.1953
64856.2500
64887.4375
64899.9805
64911.4258
64937.1680
64982.3828
65037.7969
65088.9688
65126.8320
65149.0781
65152.3086
65136.2891
65107.4258
65082.9727
65079.1211
65099.7305
65137.7891
65176.0391
65195.3828
65187.3672
65158.5586
65126.1797
65106.7305
65107.4766
65125.1680
65153.2852
65190.5078
65246.2812
65329.4219
65433.3242
65538.9609
65622.3984
65665.8984
65666.9297
65637.8906
65600.0547
65574.9219
65578.8984
65622.0781
65700.6953
65796.0000
65885.5000
65951.3047
65985.5391
65987.0625
65960.1797
65921.1406
65889.7344
65881.7500
65905.1484
65956.0469
66022.4844
66094.3594
66163.3047
66219.5156
66256.7734
66277.0000
66286.5859
66299.1016
66325.1250
66365.5234
66410.6328
66446.8906
66470.6250
66486.7422
66498.9922
66506.8125
66504.9219
66490.9453
66474.6719
66471.3516
66491.0938
66530.3438
66573.4688
66608.3828
66630.9453
66641.3750
66646.3281
66654.0234
66671.4375
66703.3203
66754.9609
66827.7812
66914.6250
67000.4766
67068.3906
67109.7500
67129.3047
67138.1094
67145.5391
67156.1406
67173.4844
67203.1719
67244.1562
67287.7031
67322.4844
67345.5078
67364.1875
67384.1719
67406.5625
67431.2656
67463.1250
67508.7266
67575.0781
67660.6953
67750.2969
67820.1641
67854.3125
67850.7500
67813.9453
67751.4297
67678.4531
67614.2891
67573.5859
67569.8359
67616.1797
67714.9609
67844.9531
67965.6484
68041.2656
68061.9375
68043.6562
68011.3828
67985.6719
67980.2500
68005.2734
68067.3594
68163.3906
68280.1719
68393.3906
68474.1250
68503.8750
68483.1016
68430.0703
68371.5469
68332.7266
68329.1406
68366.5469
68438.1797
68528.3594
68622.8750
68710.1406
68779.2891
68821.3281
68833.9922
68821.6875
68793.7031
68761.4844
68734.3516
68715.0234
68703.6094
68703.8594
68720.1641
68749.2188
68781.5703
68804.3203
68808.6562
68791.3828
68756.0000
68712.6797
68674.0078
68652.8750
68659.6953
68701.5625
68774.8438
68865.9453
68956.9844
69035.4297
69096.2734
69143.5000
69184.9297
69225.6406
69262.3125
69288.8906
69300.3125
69300.2812
69298.5078
69306.1953
69331.8203
69377.5234
69443.1250
69525.4844
69613.6641
69692.5703
69753.1797
69799.7344
69835.8047
69858.3359
69866.4688
69862.7969
69854.2188
69848.7344
69856.7891
69885.5234
69932.0156
69986.1172
70035.8594
70078.4531
70118.5625
70163.7109
70222.6172
70299.3047
70384.0312
70451.8828
70479.0078
70455.4453
70385.7266
70293.3203
70211.6406
70166.3359
70163.5547
70196.5703
70256.9766
70338.2656
70433.6406
70538.3672
70643.1016
70734.2422
70800.9297
70838.2500
70851.4062
70848.9922
70840.1406
70837.7500
70853.9141
70894.7969
70960.0703
71046.0781
71142.9688
71229.4219
71286.4219
71312.9688
71318.4609
71314.9375
71308.1953
71300.4297
71297.9375
71308.7422
71341.0938
71399.1250
71476.9531
71556.4688
71617.9141
71652.5312
71661.9922
71649.9375
71620.6172
71582.7188
71554.2422
71554.3203
71586.1953
71635.5859
71686.9062
71736.1484
71787.8984
71843.6172
71901.8438
71969.9688
72054.7500
72149.5469
72238.1562
72310.2656
72366.0859
72411.6875
72450.7031
72484.0078
72511.4609
72527.2188
72524.5391
72504.5703
72477.9297
72459.5156
72457.6406
72468.0156
72480.8203
72487.5469
72483.9688
72472.4922
72466.8125
72483.5391
72534.1094
72616.9688
72719.5078
72829.8984
72942.4297
73050.1562
73144.3125
73215.7812
73263.1172
73289.8516
73300.3984
73298.8594
73293.0625
73292.5234
73301.1875
73315.9766
73335.2266
73361.3359
73394.2188
73428.3906
73456.0547
73473.9922
73486.0234
73498.6562
73515.9453
73539.7969
73573.8203
73623.9688
73688.0547
73750.6172
73794.3281
73814.0703
73820.1875
73832.0938
73867.1250
73928.3906
74001.9688
74065.6641
74101.8984
74110.2891
74101.8438
74087.9531
74076.2891
74072.6406
74079.2578
74094.7188
74114.5000
74139.2500
74179.4141
74242.3281
74320.6328
74398.2344
74467.6406
74528.1016
74579.7812
74622.6875
74658.9297
74694.9688
74734.4531
74779.1094
74833.4531
74897.0938
74959.1562
75004.1094
75019.1484
75004.9609
74978.4844
74964.7344
74984.0625
75038.5703
75110.3750
75174.6016
75215.2578
75224.8984
75202.3047
75156.1875
75109.5156
75090.9375
75120.6641
75203.7109
75330.7656
75483.9375
75639.0391
75770.3516
75860.0156
75904.2656
75912.5234
75905.7969
75906.3750
75920.6641
75939.7109
75952.6094
75956.3906
75951.6328
75940.4062
75925.8750
75913.1641
75907.8516
75913.4609
75936.1406
75983.0625
76051.0547
76126.6328
76193.5312
76241.8281
76272.0859
76291.5859
76312.8047
76348.4531
76408.9375
76499.9219
76614.7266
76731.3984
76826.9375
76890.0078
76921.1562
76926.2422
76916.3125
76901.2188
76889.2734
76887.6484
76900.1719
76927.0625
76962.4375
76996.1953
77019.6953
77031.5000
77041.0703
77060.2656
77095.4297
77147.4141
77212.8906
77283.3750
77347.4062
77401.2891
77447.4219
77487.7812
77519.8125
77539.0391
77545.9922
77549.1641
77558.0547
77574.6484
77597.2109
77628.0469
77671.1562
77727.9922
77792.4297
77857.6328
77916.5859
77966.8281
78012.3438
78059.8047
78113.9219
78171.4844
78217.2578
78236.8516
78224.2734
78181.6797
78117.3516
78045.2031
77986.2344
77962.6484
77989.5703
78059.5391
78147.7656
78234.4375
78317.4453
78404.1406
78495.0234
78577.9609
78642.6953
78690.0156
78725.3516
78757.7969
78800.0547
78863.1250
78949.8750
79050.3516
79148.0859
79228.5000
79282.0781
79307.2578
79311.5625
79310.3984
79314.0625
79324.2422
79336.8281
79347.3594
79358.3984
79375.0547
79398.2812
79426.3906
79461.8672
79508.9766
79568.8516
79634.4453
79695.0625
79741.4531
79768.5781
79780.7266
79787.7109
79798.8984
79824.9766
79875.4062
79952.3984
80048.3594
80147.0938
80228.9141
80279.4453
80295.7969
80285.7969
80264.2344
80244.9375
80242.6328
80283.1172
80406.7500
80583.7031
90930.3906
